10485760S,0C
10175 1
11755 1
5294 1
10125 1
9352 1
      -46701           -5
10120 1
9422 1
9511 1
      -29053           -3
9784 1
9512 1
7068 1
9511 1
9398 1
      -45273           -5
5955 1
12817 1
9422 1
16646 1
5955 1
9423 1
5294 1
9510 1
6312 1
      -81334           -9
17067 1
5353 1
7940 1
9599 1
9598 1
9516 1
      -59073           -6
7898 1
9510 1
      -17408           -2
10032 1
9353 1
36512 1
      -55897           -3
7723 1
8652 1
6199 1
36511 1
      -59085           -4
10617 1
      -10617           -1
8971 1
6033 1
10031 1
      -25035           -3
18920 1
6550 1
36502 1
      -61972           -3
6066 1
       -6066           -1
4958 1
6032 1
9049 1
      -20039           -3
11408 1
      -11408           -1
8661 1
5871 1
      -14532           -2
6516 1
35499 1
6943 1
11743 1
      -60701           -4
5565 1
5693 1
9827 1
5692 1
      -26777           -4
9515 1
6938 1
5693 1
      -22146           -3
6943 1
5871 1
11743 1
5692 1
5871 1
      -36120           -5
5466 1
9049 1
      -14515           -2
5691 1
7117 1
8615 1
      -21423           -3
9379 1
9046 1
      -18425           -2
9046 1
       -9046           -1
4933 1
9623 1
4933 1
9048 1
9625 1
9616 1
9476 1
      -57254           -7
5786 1
9684 1
5254 1
      -20724           -3
12579 1
6971 1
11733 1
5179 1
8616 1
5178 1
      -50256           -6
15555 1
9219 1
      -24774           -2
9601 1
       -9601           -1
4954 1
9206 1
      -14160           -2
5194 1
       -5194           -1
9207 1
18688 1
      -27895           -2
4949 1
9186 1
15313 1
9049 1
      -38497           -4
6787 1
       -6787           -1
9592 1
       -9592           -1
9601 1
6685 1
      -16286           -2
17142 1
      -17142           -1
9591 1
8355 1
9206 1
      -27152           -3
9205 1
18314 1
10860 1
8672 1
7275 1
5946 1
      -60272           -6
5021 1
10852 1
10852 1
9207 1
      -35932           -4
4944 1
18231 1
5020 1
7396 1
      -35591           -4
5090 1
       -5090           -1
5217 1
10852 1
      -16069           -2
9206 1
10853 1
5012 1
      -25071           -3
4619 1
18317 1
      -22936           -2
5208 1
       -5208           -1
10861 1
      -10861           -1
10458 1
      -10458           -1
5021 1
11034 1
11032 1
      -27087           -3
18610 1
29483 1
      -48093           -2
11293 1
11032 1
4916 1
10780 1
4915 1
6059 1
      -48995           -6
18573 1
      -18573           -1
18585 1
      -18585           -1
18563 1
      -18563           -1
18562 1
3413 1
      -21975           -2
17041 1
      -17041           -1
18649 1
      -18649           -1
3436 1
       -3436           -1
18644 1
      -18644           -1
18657 1
20172 1
      -38829           -2
6028 1
       -6028           -1
8736 1
       -8736           -1
11522 1
      -11522           -1
7337 1
       -7337           -1
13446 1
      -13446           -1
11293 1
      -11293           -1
21201 1
      -21201           -1
9022 1
       -9022           -1
14042 1
      -14042           -1
7260 1
       -7260           -1
11330 1
      -11330           -1
13123 1
      -13123           -1
3057 1
       -3057           -1
11904 1
      -11904           -1
8340 1
       -8340           -1
1714 1
       -1714           -1
11955 1
      -11955           -1
11953 1
      -11953           -1
12685 1
16799 1
      -29484           -2
14655 1
3765 1
      -18420           -2
7523 1
       -7523           -1
12090 1
14066 1
8055 1
6107 1
5733 1
11885 1
7501 1
6802 1
9581 1
15702 1
10367 1
14377 1
8847 1
7449 1
15106 1
6531 1
31473 1
8112 1
5132 1
9159 1
9801 1
8324 1
13390 1
72630 1
4900 1
11365 1
8839 1
8989 1
7879 1
24442 1
6933 1
8229 1
20203 1
13493 1
7137 1
5201 1
20790 1
15401 1
6389 1
12051 1
9511 1
13427 1
9518 1
15745 1
14874 1
10420 1
8804 1
8320 1
11058 1
19782 1
19066 1
9745 1
12314 1
23711 1
10304 1
10502 1
7197 1
20588 1
24969 1
10740 1
8531 1
18560 1
12742 1
23713 1
17101 1
11164 1
19657 1
9869 1
19578 1
26622 1
14850 1
8508 1
9782 1
11547 1
11564 1
22622 1
22425 1
24699 1
5573 1
19288 1
9591 1
12199 1
8486 1
12335 1
22240 1
11862 1
10472 1
10918 1
12363 1
14251 1
19620 1
11862 1
14501 1
12114 1
9807 1
