10485760S,0C
2497112 748
6100 1
1375 1
2439 1
1339 1
6236 1
4308 1
1365 1
1354 1
4592 1
4507 1
3739 1
3720 1
4467 1
1379 1
1336 1
2801 1
3850 1
1935 1
3919 1
1630 1
4391 1
1302 1
16729 1
4027 1
4418 1
3752 1
3457 1
6161 1
1365 1
5660 1
1600 1
5513 1
8237 1
3787 1
2860 1
4182 1
3991 1
3742 1
5032 1
5565 1
5689 1
1303 1
2568 1
5641 1
5722 1
1513 1
5567 1
5685 1
5626 1
4190 1
7049 1
7128 1
6949 1
1331 1
7193 1
7190 1
1310 1
6928 1
7167 1
7299 1
2785 1
6925 1
6697 1
7242 1
4413 1
1283 1
7128 1
6985 1
7064 1
7034 1
7000 1
7051 1
7056 1
7177 1
7050 1
7126 1
6944 1
7017 1
7025 1
1295 1
1401 1
4429 1
1311 1
2476 1
7177 1
6895 1
3763 1
5385 1
7028 1
1302 1
7222 1
7121 1
7163 1
6041 1
1425 1
6973 1
7012 1
3942 1
3864 1
7124 1
7026 1
3536 1
3791 1
7126 1
7076 1
4305 1
7152 1
4017 1
6929 1
7086 1
7006 1
6952 1
1293 1
6926 1
7199 1
3060 1
7018 1
7096 1
7047 1
7100 1
7249 1
7052 1
7115 1
4048 1
7227 1
6946 1
1301 1
7113 1
7076 1
7043 1
7158 1
7030 1
7001 1
4418 1
7004 1
7143 1
3873 1
7017 1
6995 1
6995 1
6999 1
7036 1
7205 1
7112 1
7091 1
7022 1
6971 1
7059 1
7019 1
7051 1
7028 1
7207 1
7076 1
7145 1
7059 1
7052 1
6982 1
7129 1
7080 1
6924 1
7061 1
6979 1
7022 1
7203 1
1274 1
7092 1
7108 1
6964 1
6972 1
6998 1
7059 1
3099 1
7056 1
4536 1
7097 1
7134 1
7141 1
7011 1
7118 1
7053 1
7065 1
7119 1
7152 1
7001 1
7052 1
7027 1
6992 1
7022 1
7036 1
7178 1
7057 1
6997 1
7189 1
6979 1
7023 1
7126 1
7121 1
7023 1
7036 1
7114 1
7073 1
7074 1
7133 1
7008 1
3711 1
6964 1
7096 1
4514 1
11196 1
7169 1
4141 1
4134 1
1301 1
7257 1
3793 1
3799 1
1350 1
1284 1
1288 1
1307 1
1421 1
3741 1
2514 1
4444 1
3937 1
1303 1
1493 1
3740 1
4479 1
1486 1
1907 1
1911 1
1854 1
1917 1
1844 1
1947 1
2109 1
1897 1
1831 1
1870 1
1844 1
1835 1
1850 1
1917 1
2093 1
1869 1
1839 1
1863 1
1846 1
1948 1
1883 1
1896 1
1913 1
2123 1
1854 1
1951 1
1869 1
1933 1
1997 1
1858 1
1917 1
1897 1
1844 1
1854 1
1962 1
1845 1
1961 1
1878 1
1902 1
1956 1
1956 1
1854 1
1907 1
1912 1
1977 1
1858 1
1849 1
1916 1
1828 1
2118 1
1928 1
1912 1
1854 1
1927 1
1967 1
1879 1
1864 1
1957 1
1917 1
1942 1
1953 1
1879 1
1831 1
2107 1
1340 1
    -3870827        -1034
      -16790           -9
1911 1
1916 1
1944 1
1945 1
1958 1
1968 1
1892 1
2007 1
1958 1
1990 1
2154 1
2159 1
1896 1
1961 1
2007 1
2080 1
1900 1
1887 1
2084 1
2047 1
1973 1
1894 1
1974 1
2017 1
1880 1
2054 1
2006 1
1854 1
1990 1
4455 1
1698 1
1313 1
7166 1
7165 1
7099 1
6972 1
6998 1
1457 1
7216 1
7020 1
7076 1
7171 1
6878 1
     -136990          -43
6935 1
7039 1
6871 1
7159 1
7090 1
7101 1
7104 1
7111 1
4548 1
7054 1
7081 1
7182 1
7143 1
7050 1
6990 1
7037 1
1283 1
3790 1
7151 1
7129 1
7157 1
6997 1
4293 1
7104 1
1311 1
7042 1
7047 1
7004 1
7091 1
3696 1
7062 1
4745 1
3494 1
7052 1
3820 1
4347 1
4418 1
4456 1
7744 1
6546 1
1334 1
5371 1
4515 1
3592 1
4630 1
7631 1
2465 1
1299 1
1301 1
5580 1
2424 1
8046 1
4600 1
1345 1
5067 1
2564 1
1291 1
2336 1
6218 1
3087 1
5370 1
2761 1
5084 1
5705 1
5357 1
11852 1
3048 1
4748 1
2367 1
4352 1
5247 1
11715 1
5683 1
2959 1
1321 1
1277 1
1396 1
1304 1
6512 1
5331 1
1285 1
6230 1
17035 1
4417 1
3914 1
1258 1
5260 1
1291 1
6862 1
1325 1
3589 1
3859 1
2819 1
3428 1
2375 1
1317 1
4973 1
5694 1
1351 1
4465 1
3732 1
1321 1
3064 1
2479 1
10449 1
7096 1
7343 1
56734 1
5030 1
5259 1
9204 1
5963 1
1323 1
4667 1
1300 1
4037 1
4501 1
3780 1
3310 1
1366 1
1315 1
3756 1
2832 1
3366 1
5344 1
1832 1
1810 1
1924 1
1894 1
1932 1
1851 1
1866 1
2736 1
1909 1
1808 1
1831 1
1881 1
1904 1
1872 1
1937 1
1953 1
2111 1
1924 1
1836 1
1959 1
1890 1
2095 1
1991 1
1866 1
4456 1
1920 1
1876 1
1835 1
1871 1
1851 1
1836 1
1858 1
1863 1
1938 1
1899 1
1836 1
1899 1
1948 1
1841 1
2125 1
1909 1
1953 1
1896 1
2060 1
1894 1
1872 1
1843 1
1841 1
1857 1
1842 1
1885 1
1879 1
1808 1
1899 1
1910 1
1861 1
1925 1
1910 1
1985 1
2021 1
1926 1
1910 1
5351 1
1424 1
4434 1
8568 1
2340 1
1389 1
15318 1
8032 1
1317 1
5601 1
1412 1
2437 1
8005 1
8602 1
1361 1
1306 1
4451 1
4061 1
2683 1
3845 1
4130 1
3575 1
1323 1
4831 1
4121 1
6717 1
1313 1
4428 1
1829 1
1868 1
1919 1
1799 1
1754 1
1782 1
1793 1
1814 1
1772 1
1807 1
2056 1
1797 1
1889 1
1820 1
1861 1
1840 1
1904 1
1692 1
2057 1
1871 1
1840 1
1747 1
1786 1
2036 1
3581 1
1892 1
1838 1
6775 1
2708 1
3264 1
5323 1
9674 1
3084 1
1323 1
3078 1
4973 1
8422 1
4623 1
2622 1
3322 1
2978 1
4356 1
4379 1
4245 1
5745 1
3672 1
1341 1
1328 1
1308 1
5401 1
5961 1
4568 1
4593 1
24856 1
5965 1
6980 1
7056 1
7638 1
7980 1
4460 1
33249 1
11223 1
2409 1
48646 1
1308 1
60835 1
11321 1
2405 1
4593 1
34835 1
71973 1
2249 1
5874 1
23829 1
24398 1
4596 1
83562 1
4651 1
8229 1
5032 1
4592 1
5257 1
3815 1
3558 1
5727 1
71777 1
40972 1
2019 1
110813 1
3442 1
81041 1
6775 1
439265 1
83562 1
6958 1
1397857 1
3578 1
88287 1
18715 1
84725 1
2081 1
2144 1
3317 1
71742 1
20872 1
2830 1
2405 1
24901 1
